u=[3 5]
v=[7 2]



